1.736919641494750977e+00 -7.653663754463195801e-01
1.555794358253479004e+00 -5.497797131538391113e-01
-4.328186035156250000e+00 1.704784750938415527e+00
1.535155653953552246e+00 -3.999179601669311523e+00
-2.331325531005859375e+00 -4.289985299110412598e-01
8.237989246845245361e-02 2.239765167236328125e+00
2.856581807136535645e-01 2.279394149780273438e+00
8.116368651390075684e-01 1.676880359649658203e+00
2.282599359750747681e-01 2.453726530075073242e+00
-1.965205430984497070e+00 -4.416467189788818359e+00
2.225506544113159180e+00 -1.147159218788146973e+00
-2.776768684387207031e+00 -6.186861991882324219e-01
3.011614680290222168e-01 1.838051199913024902e+00
1.613719463348388672e-01 2.749403953552246094e+00
-2.893240928649902344e+00 -1.922598332166671753e-01
-2.278422117233276367e+00 -4.354170262813568115e-01
2.414282113313674927e-01 2.502461194992065430e+00
-1.457791924476623535e+00 2.881154298782348633e+00
2.444055080413818359e+00 -7.533523440361022949e-01
-2.696634292602539062e+00 -5.983135104179382324e-01
-2.708786964416503906e+00 -5.927700400352478027e-01
5.811992883682250977e-01 2.694662809371948242e+00
3.332355991005897522e-02 2.942658901214599609e+00
2.000231266021728516e+00 -8.723871111869812012e-01
2.292299747467041016e+00 -1.212280273437500000e+00
-2.804769277572631836e+00 -6.875941753387451172e-01
5.379348397254943848e-01 2.232944011688232422e+00
2.000597238540649414e+00 -9.399547576904296875e-01
2.227926254272460938e+00 -7.540801167488098145e-01
2.471850633621215820e+00 -7.792052626609802246e-01
1.230508923530578613e+00 -3.275157213211059570e-01
-3.172900676727294922e+00 -9.887646138668060303e-02
-2.746319293975830078e+00 -6.069183945655822754e-01
